0000
0001
0002
0003
0004
0005
0006
0007
0008
0009
0010
0011
0012
0013
0014
0015
0016
0017
0018
0019
0020
0021
0022
0023
0024
0025
0026
0027
0028
0029
0030
0031
0032
0033
0034
0035
0036
0037
0038
0039
0040
0041
0042
0043
0044
0045
0046
0047
0048
0049
0050
0051
0052
0053
0054
0055
0056
0057
0058
0059
0060
0061
0062
0063
0064
0065
0066
0067
0068
0069
0070
0071
0072
0073
0074
0075
0076
0077
0078
0079
0080
0081
0082
0083
0084
0085
0086
0087
0088
0089
0090
0091
0092
0093
0094
0095
0096
0097
0098
0099
0100
0110
0111
0112
0113
0114
0115
0116
0117
0118
0119
0122
0133
0144
0155
0166
0177
0188
0199
0200
0211
0220
0221
0222
0223
0224
0225
0226
0227
0228
0229
0233
0244
0255
0266
0277
0288
0299
0300
0311
0322
0330
0331
0332
0333
0334
0335
0336
0337
0338
0339
0344
0355
0366
0377
0388
0399
0400
0411
0422
0433
0440
0441
0442
0443
0444
0445
0446
0447
0448
0449
0455
0466
0477
0488
0499
0500
0511
0522
0533
0544
0550
0551
0552
0553
0554
0555
0556
0557
0558
0559
0566
0577
0588
0599
0600
0611
0622
0633
0644
0655
0660
0661
0662
0663
0664
0665
0666
0667
0668
0669
0677
0688
0699
0700
0711
0722
0733
0744
0755
0766
0770
0771
0772
0773
0774
0775
0776
0777
0778
0779
0788
0799
0800
0811
0822
0833
0844
0855
0866
0877
0880
0881
0882
0883
0884
0885
0886
0887
0888
0889
0899
0900
0911
0922
0933
0944
0955
0966
0977
0988
0990
0991
0992
0993
0994
0995
0996
0997
0998
0999
1000
1001
1002
1003
1004
1005
1006
1007
1008
1009
1011
1022
1033
1044
1055
1066
1077
1088
1099
1100
1101
1102
1103
1104
1105
1106
1107
1108
1109
1110
1111
1112
1113
1114
1115
1116
1117
1118
1119
1120
1121
1122
1123
1124
1125
1126
1127
1128
1129
1130
1131
1132
1133
1134
1135
1136
1137
1138
1139
1140
1141
1142
1143
1144
1145
1146
1147
1148
1149
1150
1151
1152
1153
1154
1155
1156
1157
1158
1159
1160
1161
1162
1163
1164
1165
1166
1167
1168
1169
1170
1171
1172
1173
1174
1175
1176
1177
1178
1179
1180
1181
1182
1183
1184
1185
1186
1187
1188
1189
1190
1191
1192
1193
1194
1195
1196
1197
1198
1199
1200
1211
1220
1221
1222
1223
1224
1225
1226
1227
1228
1229
1233
1244
1255
1266
1277
1288
1299
1300
1311
1322
1330
1331
1332
1333
1334
1335
1336
1337
1338
1339
1344
1355
1366
1377
1388
1399
1400
1411
1422
1433
1440
1441
1442
1443
1444
1445
1446
1447
1448
1449
1455
1466
1477
1488
1499
1500
1511
1522
1533
1544
1550
1551
1552
1553
1554
1555
1556
1557
1558
1559
1566
1577
1588
1599
1600
1611
1622
1633
1644
1655
1660
1661
1662
1663
1664
1665
1666
1667
1668
1669
1677
1688
1699
1700
1711
1722
1733
1744
1755
1766
1770
1771
1772
1773
1774
1775
1776
1777
1778
1779
1788
1799
1800
1811
1822
1833
1844
1855
1866
1877
1880
1881
1882
1883
1884
1885
1886
1887
1888
1889
1899
1900
1911
1922
1933
1944
1955
1966
1977
1988
1990
1991
1992
1993
1994
1995
1996
1997
1998
1999
2000
2001
2002
2003
2004
2005
2006
2007
2008
2009
2011
2022
2033
2044
2055
2066
2077
2088
2099
2100
2110
2111
2112
2113
2114
2115
2116
2117
2118
2119
2122
2133
2144
2155
2166
2177
2188
2199
2200
2201
2202
2203
2204
2205
2206
2207
2208
2209
2210
2211
2212
2213
2214
2215
2216
2217
2218
2219
2220
2221
2222
2223
2224
2225
2226
2227
2228
2229
2230
2231
2232
2233
2234
2235
2236
2237
2238
2239
2240
2241
2242
2243
2244
2245
2246
2247
2248
2249
2250
2251
2252
2253
2254
2255
2256
2257
2258
2259
2260
2261
2262
2263
2264
2265
2266
2267
2268
2269
2270
2271
2272
2273
2274
2275
2276
2277
2278
2279
2280
2281
2282
2283
2284
2285
2286
2287
2288
2289
2290
2291
2292
2293
2294
2295
2296
2297
2298
2299
2300
2311
2322
2330
2331
2332
2333
2334
2335
2336
2337
2338
2339
2344
2355
2366
2377
2388
2399
2400
2411
2422
2433
2440
2441
2442
2443
2444
2445
2446
2447
2448
2449
2455
2466
2477
2488
2499
2500
2511
2522
2533
2544
2550
2551
2552
2553
2554
2555
2556
2557
2558
2559
2566
2577
2588
2599
2600
2611
2622
2633
2644
2655
2660
2661
2662
2663
2664
2665
2666
2667
2668
2669
2677
2688
2699
2700
2711
2722
2733
2744
2755
2766
2770
2771
2772
2773
2774
2775
2776
2777
2778
2779
2788
2799
2800
2811
2822
2833
2844
2855
2866
2877
2880
2881
2882
2883
2884
2885
2886
2887
2888
2889
2899
2900
2911
2922
2933
2944
2955
2966
2977
2988
2990
2991
2992
2993
2994
2995
2996
2997
2998
2999
3000
3001
3002
3003
3004
3005
3006
3007
3008
3009
3011
3022
3033
3044
3055
3066
3077
3088
3099
3100
3110
3111
3112
3113
3114
3115
3116
3117
3118
3119
3122
3133
3144
3155
3166
3177
3188
3199
3200
3211
3220
3221
3222
3223
3224
3225
3226
3227
3228
3229
3233
3244
3255
3266
3277
3288
3299
3300
3301
3302
3303
3304
3305
3306
3307
3308
3309
3310
3311
3312
3313
3314
3315
3316
3317
3318
3319
3320
3321
3322
3323
3324
3325
3326
3327
3328
3329
3330
3331
3332
3333
3334
3335
3336
3337
3338
3339
3340
3341
3342
3343
3344
3345
3346
3347
3348
3349
3350
3351
3352
3353
3354
3355
3356
3357
3358
3359
3360
3361
3362
3363
3364
3365
3366
3367
3368
3369
3370
3371
3372
3373
3374
3375
3376
3377
3378
3379
3380
3381
3382
3383
3384
3385
3386
3387
3388
3389
3390
3391
3392
3393
3394
3395
3396
3397
3398
3399
3400
3411
3422
3433
3440
3441
3442
3443
3444
3445
3446
3447
3448
3449
3455
3466
3477
3488
3499
3500
3511
3522
3533
3544
3550
3551
3552
3553
3554
3555
3556
3557
3558
3559
3566
3577
3588
3599
3600
3611
3622
3633
3644
3655
3660
3661
3662
3663
3664
3665
3666
3667
3668
3669
3677
3688
3699
3700
3711
3722
3733
3744
3755
3766
3770
3771
3772
3773
3774
3775
3776
3777
3778
3779
3788
3799
3800
3811
3822
3833
3844
3855
3866
3877
3880
3881
3882
3883
3884
3885
3886
3887
3888
3889
3899
3900
3911
3922
3933
3944
3955
3966
3977
3988
3990
3991
3992
3993
3994
3995
3996
3997
3998
3999
4000
4001
4002
4003
4004
4005
4006
4007
4008
4009
4011
4022
4033
4044
4055
4066
4077
4088
4099
4100
4110
4111
4112
4113
4114
4115
4116
4117
4118
4119
4122
4133
4144
4155
4166
4177
4188
4199
4200
4211
4220
4221
4222
4223
4224
4225
4226
4227
4228
4229
4233
4244
4255
4266
4277
4288
4299
4300
4311
4322
4330
4331
4332
4333
4334
4335
4336
4337
4338
4339
4344
4355
4366
4377
4388
4399
4400
4401
4402
4403
4404
4405
4406
4407
4408
4409
4410
4411
4412
4413
4414
4415
4416
4417
4418
4419
4420
4421
4422
4423
4424
4425
4426
4427
4428
4429
4430
4431
4432
4433
4434
4435
4436
4437
4438
4439
4440
4441
4442
4443
4444
4445
4446
4447
4448
4449
4450
4451
4452
4453
4454
4455
4456
4457
4458
4459
4460
4461
4462
4463
4464
4465
4466
4467
4468
4469
4470
4471
4472
4473
4474
4475
4476
4477
4478
4479
4480
4481
4482
4483
4484
4485
4486
4487
4488
4489
4490
4491
4492
4493
4494
4495
4496
4497
4498
4499
4500
4511
4522
4533
4544
4550
4551
4552
4553
4554
4555
4556
4557
4558
4559
4566
4577
4588
4599
4600
4611
4622
4633
4644
4655
4660
4661
4662
4663
4664
4665
4666
4667
4668
4669
4677
4688
4699
4700
4711
4722
4733
4744
4755
4766
4770
4771
4772
4773
4774
4775
4776
4777
4778
4779
4788
4799
4800
4811
4822
4833
4844
4855
4866
4877
4880
4881
4882
4883
4884
4885
4886
4887
4888
4889
4899
4900
4911
4922
4933
4944
4955
4966
4977
4988
4990
4991
4992
4993
4994
4995
4996
4997
4998
4999
5000
5001
5002
5003
5004
5005
5006
5007
5008
5009
5011
5022
5033
5044
5055
5066
5077
5088
5099
5100
5110
5111
5112
5113
5114
5115
5116
5117
5118
5119
5122
5133
5144
5155
5166
5177
5188
5199
5200
5211
5220
5221
5222
5223
5224
5225
5226
5227
5228
5229
5233
5244
5255
5266
5277
5288
5299
5300
5311
5322
5330
5331
5332
5333
5334
5335
5336
5337
5338
5339
5344
5355
5366
5377
5388
5399
5400
5411
5422
5433
5440
5441
5442
5443
5444
5445
5446
5447
5448
5449
5455
5466
5477
5488
5499
5500
5501
5502
5503
5504
5505
5506
5507
5508
5509
5510
5511
5512
5513
5514
5515
5516
5517
5518
5519
5520
5521
5522
5523
5524
5525
5526
5527
5528
5529
5530
5531
5532
5533
5534
5535
5536
5537
5538
5539
5540
5541
5542
5543
5544
5545
5546
5547
5548
5549
5550
5551
5552
5553
5554
5555
5556
5557
5558
5559
5560
5561
5562
5563
5564
5565
5566
5567
5568
5569
5570
5571
5572
5573
5574
5575
5576
5577
5578
5579
5580
5581
5582
5583
5584
5585
5586
5587
5588
5589
5590
5591
5592
5593
5594
5595
5596
5597
5598
5599
5600
5611
5622
5633
5644
5655
5660
5661
5662
5663
5664
5665
5666
5667
5668
5669
5677
5688
5699
5700
5711
5722
5733
5744
5755
5766
5770
5771
5772
5773
5774
5775
5776
5777
5778
5779
5788
5799
5800
5811
5822
5833
5844
5855
5866
5877
5880
5881
5882
5883
5884
5885
5886
5887
5888
5889
5899
5900
5911
5922
5933
5944
5955
5966
5977
5988
5990
5991
5992
5993
5994
5995
5996
5997
5998
5999
6000
6001
6002
6003
6004
6005
6006
6007
6008
6009
6011
6022
6033
6044
6055
6066
6077
6088
6099
6100
6110
6111
6112
6113
6114
6115
6116
6117
6118
6119
6122
6133
6144
6155
6166
6177
6188
6199
6200
6211
6220
6221
6222
6223
6224
6225
6226
6227
6228
6229
6233
6244
6255
6266
6277
6288
6299
6300
6311
6322
6330
6331
6332
6333
6334
6335
6336
6337
6338
6339
6344
6355
6366
6377
6388
6399
6400
6411
6422
6433
6440
6441
6442
6443
6444
6445
6446
6447
6448
6449
6455
6466
6477
6488
6499
6500
6511
6522
6533
6544
6550
6551
6552
6553
6554
6555
6556
6557
6558
6559
6566
6577
6588
6599
6600
6601
6602
6603
6604
6605
6606
6607
6608
6609
6610
6611
6612
6613
6614
6615
6616
6617
6618
6619
6620
6621
6622
6623
6624
6625
6626
6627
6628
6629
6630
6631
6632
6633
6634
6635
6636
6637
6638
6639
6640
6641
6642
6643
6644
6645
6646
6647
6648
6649
6650
6651
6652
6653
6654
6655
6656
6657
6658
6659
6660
6661
6662
6663
6664
6665
6666
6667
6668
6669
6670
6671
6672
6673
6674
6675
6676
6677
6678
6679
6680
6681
6682
6683
6684
6685
6686
6687
6688
6689
6690
6691
6692
6693
6694
6695
6696
6697
6698
6699
6700
6711
6722
6733
6744
6755
6766
6770
6771
6772
6773
6774
6775
6776
6777
6778
6779
6788
6799
6800
6811
6822
6833
6844
6855
6866
6877
6880
6881
6882
6883
6884
6885
6886
6887
6888
6889
6899
6900
6911
6922
6933
6944
6955
6966
6977
6988
6990
6991
6992
6993
6994
6995
6996
6997
6998
6999
7000
7001
7002
7003
7004
7005
7006
7007
7008
7009
7011
7022
7033
7044
7055
7066
7077
7088
7099
7100
7110
7111
7112
7113
7114
7115
7116
7117
7118
7119
7122
7133
7144
7155
7166
7177
7188
7199
7200
7211
7220
7221
7222
7223
7224
7225
7226
7227
7228
7229
7233
7244
7255
7266
7277
7288
7299
7300
7311
7322
7330
7331
7332
7333
7334
7335
7336
7337
7338
7339
7344
7355
7366
7377
7388
7399
7400
7411
7422
7433
7440
7441
7442
7443
7444
7445
7446
7447
7448
7449
7455
7466
7477
7488
7499
7500
7511
7522
7533
7544
7550
7551
7552
7553
7554
7555
7556
7557
7558
7559
7566
7577
7588
7599
7600
7611
7622
7633
7644
7655
7660
7661
7662
7663
7664
7665
7666
7667
7668
7669
7677
7688
7699
7700
7701
7702
7703
7704
7705
7706
7707
7708
7709
7710
7711
7712
7713
7714
7715
7716
7717
7718
7719
7720
7721
7722
7723
7724
7725
7726
7727
7728
7729
7730
7731
7732
7733
7734
7735
7736
7737
7738
7739
7740
7741
7742
7743
7744
7745
7746
7747
7748
7749
7750
7751
7752
7753
7754
7755
7756
7757
7758
7759
7760
7761
7762
7763
7764
7765
7766
7767
7768
7769
7770
7771
7772
7773
7774
7775
7776
7777
7778
7779
7780
7781
7782
7783
7784
7785
7786
7787
7788
7789
7790
7791
7792
7793
7794
7795
7796
7797
7798
7799
7800
7811
7822
7833
7844
7855
7866
7877
7880
7881
7882
7883
7884
7885
7886
7887
7888
7889
7899
7900
7911
7922
7933
7944
7955
7966
7977
7988
7990
7991
7992
7993
7994
7995
7996
7997
7998
7999
8000
8001
8002
8003
8004
8005
8006
8007
8008
8009
8011
8022
8033
8044
8055
8066
8077
8088
8099
8100
8110
8111
8112
8113
8114
8115
8116
8117
8118
8119
8122
8133
8144
8155
8166
8177
8188
8199
8200
8211
8220
8221
8222
8223
8224
8225
8226
8227
8228
8229
8233
8244
8255
8266
8277
8288
8299
8300
8311
8322
8330
8331
8332
8333
8334
8335
8336
8337
8338
8339
8344
8355
8366
8377
8388
8399
8400
8411
8422
8433
8440
8441
8442
8443
8444
8445
8446
8447
8448
8449
8455
8466
8477
8488
8499
8500
8511
8522
8533
8544
8550
8551
8552
8553
8554
8555
8556
8557
8558
8559
8566
8577
8588
8599
8600
8611
8622
8633
8644
8655
8660
8661
8662
8663
8664
8665
8666
8667
8668
8669
8677
8688
8699
8700
8711
8722
8733
8744
8755
8766
8770
8771
8772
8773
8774
8775
8776
8777
8778
8779
8788
8799
8800
8801
8802
8803
8804
8805
8806
8807
8808
8809
8810
8811
8812
8813
8814
8815
8816
8817
8818
8819
8820
8821
8822
8823
8824
8825
8826
8827
8828
8829
8830
8831
8832
8833
8834
8835
8836
8837
8838
8839
8840
8841
8842
8843
8844
8845
8846
8847
8848
8849
8850
8851
8852
8853
8854
8855
8856
8857
8858
8859
8860
8861
8862
8863
8864
8865
8866
8867
8868
8869
8870
8871
8872
8873
8874
8875
8876
8877
8878
8879
8880
8881
8882
8883
8884
8885
8886
8887
8888
8889
8890
8891
8892
8893
8894
8895
8896
8897
8898
8899
8900
8911
8922
8933
8944
8955
8966
8977
8988
8990
8991
8992
8993
8994
8995
8996
8997
8998
8999
9000
9001
9002
9003
9004
9005
9006
9007
9008
9009
9011
9022
9033
9044
9055
9066
9077
9088
9099
9100
9110
9111
9112
9113
9114
9115
9116
9117
9118
9119
9122
9133
9144
9155
9166
9177
9188
9199
9200
9211
9220
9221
9222
9223
9224
9225
9226
9227
9228
9229
9233
9244
9255
9266
9277
9288
9299
9300
9311
9322
9330
9331
9332
9333
9334
9335
9336
9337
9338
9339
9344
9355
9366
9377
9388
9399
9400
9411
9422
9433
9440
9441
9442
9443
9444
9445
9446
9447
9448
9449
9455
9466
9477
9488
9499
9500
9511
9522
9533
9544
9550
9551
9552
9553
9554
9555
9556
9557
9558
9559
9566
9577
9588
9599
9600
9611
9622
9633
9644
9655
9660
9661
9662
9663
9664
9665
9666
9667
9668
9669
9677
9688
9699
9700
9711
9722
9733
9744
9755
9766
9770
9771
9772
9773
9774
9775
9776
9777
9778
9779
9788
9799
9800
9811
9822
9833
9844
9855
9866
9877
9880
9881
9882
9883
9884
9885
9886
9887
9888
9889
9899
9900
9901
9902
9903
9904
9905
9906
9907
9908
9909
9910
9911
9912
9913
9914
9915
9916
9917
9918
9919
9920
9921
9922
9923
9924
9925
9926
9927
9928
9929
9930
9931
9932
9933
9934
9935
9936
9937
9938
9939
9940
9941
9942
9943
9944
9945
9946
9947
9948
9949
9950
9951
9952
9953
9954
9955
9956
9957
9958
9959
9960
9961
9962
9963
9964
9965
9966
9967
9968
9969
9970
9971
9972
9973
9974
9975
9976
9977
9978
9979
9980
9981
9982
9983
9984
9985
9986
9987
9988
9989
9990
9991
9992
9993
9994
9995
9996
9997
9998
9999
